14.13472514173500016454
21.02203963877200010302
25.01085758014599846888
30.42487612585999912085
32.93506158773899983316
37.58617815882600154964
40.91871901214700102400
43.32707328091500187384
48.00515088116699757848
49.77383247767200202816
52.97032147771400190095
56.44624769706300071448
59.34704400260199719241
60.83177852461000156836
65.11254404808200035859
67.07981052949399725094
69.54640171117399916056
72.06715767448200438139
75.70469069908399717406
77.14484006887499845107
79.33737502024899868047
82.91038085408600011306
84.73549298051699452117
87.42527461312499781343
88.80911120763400390388
92.49189927055799387290
94.65134404052000149932
95.87063422824499525632
98.83119421819399974538
101.31785100573100066867
103.72553804047799985710
105.44662305232600374438
107.16861118427600274572
111.02953554316999884577
111.87465917699300632648
114.32022091545300668258
116.22668032085799438846
118.79078286597599856123
121.37012500242100543346
122.94682929355299449981
124.25681855434599754062
127.51668387959600181603
129.57870419995600741458
131.08768853093300776891
133.49773720299799606437
134.75650975337399017917
138.11604205453301119633
139.73620895212098957927
141.12370740402099045241
143.11184580762099471940
146.00098248676599155260
147.42276534256001241374
150.05352042078499152922
150.92525761224101188418
153.02469381119900049271
156.11290929423799411779
157.59759181759400803458
158.84998817142098914701
161.18896413759600250160
163.03070968718199651448
165.53706918789998780994
167.18443997817499280245
169.09451541556899201169
169.91197647941200443711
173.41153651959200487909
174.75419152336598926922
176.44143429771000342043
178.37740777610000009190
179.91648402025700193008
182.20707848436600784225
184.87446784838701319131
185.59878367770699014727
187.22892258350199767847
189.41615865601698942555
192.02665636071398580498
193.07972660384601226724
195.26539667952900458658
196.87648184095800729665
198.01530967625200219118
201.26475194370399890431
202.49359451414099453359
204.18967180310499998086
205.39469720216300174798
207.90625888780598984340
209.57650971685600893579
211.69086259536499028400
213.34791935971298926233
214.54704478349100327250
216.16953850826399730067
219.06759634902098810016
220.71491883931400934671
221.43070555469299165452
224.00700025460400865995
224.98332466958200370755
227.42144427967900810472
229.33741330552498993711
231.25018870049899533115
231.98723525317998905848
233.69340417890799699308
236.52422966581599439451